                 MULTAS POR INFRACCION DE TRANSITO
====================================================================================================
    CODIGO       MULTA
----------------------------------------------------------------------------------------------------
001)   101      316.00
002)   102      316.00
003)   103      316.00
004)   104      316.00
005)   105      316.00
006)   106      316.00
007)   107      316.00
008)   108      316.00
009)   109      316.00
010)   110      316.00
011)   111      316.00
012)   112      316.00
013)   113      316.00
014)   114      316.00
015)   115      316.00
016)   116      316.00
017)   117      316.00
018)   118      316.00
019)   119      316.00
020)   120      316.00
021)   121      316.00
022)   122      316.00
023)   123      316.00
024)   124      316.00
025)   125      316.00
026)   126      316.00
027)   127      316.00
028)   128      316.00
029)   129      316.00
030)   130      316.00
031)   131      316.00
032)   132      316.00
033)   133      316.00
034)   134      316.00
035)   135      316.00
036)   136      316.00
037)   137      316.00
038)   138      316.00
039)   139      316.00
040)   140      316.00
041)   141      316.00
042)   142      316.00
043)   143      316.00
044)   144      316.00
045)   145      316.00
046)   146      316.00
047)   147      316.00
048)   148      316.00
049)   149      316.00
050)   150      316.00
051)   151      316.00
052)   152      316.00
053)   153      316.00
054)   154      316.00
055)   155      316.00
056)   156      316.00
057)   157      316.00
058)   158      316.00
059)   159      316.00
060)   160      316.00
061)   161      316.00
062)   162      316.00
063)   163      316.00
064)   164      316.00
065)   165      316.00
066)   166      316.00
067)   167        0.00
068)   168        0.00
069)   169        0.00
070)   170      316.00
071)   171        0.00
072)   172        0.00
073)   173        0.00
074)   174        0.00
075)   175        0.00
076)   176        0.00
077)   177        0.00
078)   178        0.00
079)   179        0.00
080)   180        0.00
081)   181        0.00
082)   182        0.00
083)   183        0.00
084)   184        0.00
085)   185        0.00
086)   186        0.00
087)   187        0.00
088)   188        0.00
089)   189        0.00
090)   190        0.00
091)   191        0.00
092)   192        0.00
093)   193        0.00
094)   194        0.00
095)   195        0.00
096)   196        0.00
097)   197        0.00
098)   198        0.00
099)   199        0.00
100)   200        0.00
101)   201      158.00
102)   202      158.00
103)   203      158.00
104)   204      158.00
105)   205      158.00
106)   206      158.00
107)   207      158.00
108)   208      158.00
109)   209        0.00
110)   210        0.00
111)   211        0.00
112)   212        0.00
113)   213        0.00
114)   214        0.00
115)   215        0.00
116)   216        0.00
117)   217        0.00
118)   218        0.00
119)   219        0.00
120)   220        0.00
121)   221        0.00
122)   222        0.00
123)   223        0.00
124)   224        0.00
125)   225        0.00
126)   226        0.00
127)   227        0.00
128)   228        0.00
129)   229        0.00
130)   230        0.00
131)   231        0.00
132)   232        0.00
133)   233        0.00
134)   234        0.00
135)   235        0.00
136)   236        0.00
137)   237        0.00
138)   238        0.00
139)   239        0.00
140)   240        0.00
141)   241        0.00
142)   242        0.00
143)   243        0.00
144)   244        0.00
145)   245        0.00
146)   246        0.00
147)   247        0.00
148)   248        0.00
149)   249        0.00
150)   250        0.00
151)   251        0.00
152)   252        0.00
153)   253        0.00
154)   254        0.00
155)   255        0.00
156)   256        0.00
157)   257        0.00
158)   258        0.00
159)   259        0.00
160)   260        0.00
161)   261        0.00
162)   262        0.00
163)   263        0.00
164)   264        0.00
165)   265        0.00
166)   266        0.00
167)   267        0.00
168)   268        0.00
169)   269        0.00
170)   270        0.00
171)   271        0.00
172)   272        0.00
173)   273        0.00
174)   274        0.00
175)   275        0.00
176)   276        0.00
177)   277        0.00
178)   278        0.00
179)   279        0.00
180)   280        0.00
181)   281        0.00
182)   282        0.00
183)   283        0.00
184)   284        0.00
185)   285        0.00
186)   286        0.00
187)   287        0.00
188)   288        0.00
189)   289        0.00
190)   290        0.00
191)   291        0.00
192)   292        0.00
193)   293        0.00
194)   294        0.00
195)   295        0.00
196)   296        0.00
197)   297        0.00
198)   298        0.00
199)   299        0.00
200)   300        0.00
201)   301     3950.00
202)   302     1975.00
203)   303        0.00
204)   304     3950.00
205)   305     1975.00
206)   306      948.00
207)   307      948.00
208)   308      948.00
209)   309      948.00
210)   310      474.00
211)   311      474.00
212)   312      474.00
213)   313      474.00
214)   314      474.00
215)   315      474.00
216)   316      474.00
217)   317      474.00
218)   318      474.00
219)   319      474.00
220)   320      711.00
221)   321      474.00
222)   322      474.00
223)   323      474.00
224)   324      474.00
225)   325      474.00
226)   326      474.00
227)   327     1975.00
228)   328      474.00
229)   329      474.00
230)   330      474.00
231)   331      474.00
232)   332      474.00
233)   333      474.00
234)   334      474.00
235)   335      474.00
236)   336      474.00
237)   337        0.00
238)   338        0.00
239)   339        0.00
240)   340        0.00
241)   341     5925.00
====================================================================================================
