 0   0   0   0   0  Max: 15
 0   0   0   0   0  
 0   0   0   0   0  Pos: (4,4)
 0   0   0   0   0  
 0   0   0   0  11  
--------------------------
 0   0   0   0   0  Max: 15
 0   0   0   0   0  
 0   0   0   0   0  Pos: (4,3)
 0   0   0   0   0  
 0   0   0   6  11  
--------------------------
 0   0   0   0   0  Max: 15
 0   0   0   0   0  
 0   0   0   0   0  Pos: (4,2)
 0   0   0   0   0  
 0   0   8   6  11  
--------------------------
 0   0   0   0   0  Max: 15
 0   0   0   0   0  
 0   0   0   0   0  Pos: (4,1)
 0   0   0   0   0  
 0  11   8   6  11  
--------------------------
 0   0   0   0   0  Max: 15
 0   0   0   0   0  
 0   0   0   0   0  Pos: (4,0)
 0   0   0   0   0  
 5  11   8   6  11  
--------------------------
 0   0   0   0   0  Max: 15
 0   0   0   0   0  
 0   0   0   0   0  Pos: (3,4)
 0   0   0   0  13  
 5  11   8   6  11  
--------------------------
 0   0   0   0   0  Max: 15
 0   0   0   0   0  
 0   0   0   0   0  Pos: (3,3)
 0   0   0   4  13  
 5  11   8   6  11  
--------------------------
 0   0   0   0   0  Max: 15
 0   0   0   0   0  
 0   0   0   0   0  Pos: (3,2)
 0   0   5   4  13  
 5  11   8   6  11  
--------------------------
 0   0   0   0   0  Max: 15
 0   0   0   0   0  
 0   0   0   0   0  Pos: (3,1)
 0  14   5   4  13  
 5  11   8   6  11  
--------------------------
 0   0   0   0   0  Max: 15
 0   0   0   0   0  
 0   0   0   0   0  Pos: (3,0)
10  14   5   4  13  
 5  11   8   6  11  
--------------------------
 0   0   0   0   0  Max: 15
 0   0   0   0   0  
 0   0   0   0   2  Pos: (2,4)
10  14   5   4  13  
 5  11   8   6  11  
--------------------------
 0   0   0   0   0  Max: 15
 0   0   0   0   0  
 0   0   0  13   2  Pos: (2,3)
10  14   5   4  13  
 5  11   8   6  11  
--------------------------
 0   0   0   0   0  Max: 15
 0   0   0   0   0  
 0   0  14  13   2  Pos: (2,2)
10  14   5   4  13  
 5  11   8   6  11  
--------------------------
 0   0   0   0   0  Max: 15
 0   0   0   0   0  
 0   0  14  13   2  Pos: (2,1)
10  14   5   4  13  
 5  11   8   6  11  
--------------------------
 0   0   0   0   0  Max: 15
 0   0   0   0   0  
13   0  14  13   2  Pos: (2,0)
10  14   5   4  13  
 5  11   8   6  11  
--------------------------
 0   0   0   0   0  Max: 15
 0   0   0   0   5  
13   0  14  13   2  Pos: (1,4)
10  14   5   4  13  
 5  11   8   6  11  
--------------------------
 0   0   0   0   0  Max: 15
 0   0   0  11   5  
13   0  14  13   2  Pos: (1,3)
10  14   5   4  13  
 5  11   8   6  11  
--------------------------
 0   0   0   0   0  Max: 15
 0   0   7  11   5  
13   0  14  13   2  Pos: (1,2)
10  14   5   4  13  
 5  11   8   6  11  
--------------------------
 0   0   0   0   0  Max: 15
 0  12   7  11   5  
13   0  14  13   2  Pos: (1,1)
10  14   5   4  13  
 5  11   8   6  11  
--------------------------
 0   0   0   0   0  Max: 15
 9  12   7  11   5  
13   0  14  13   2  Pos: (1,0)
10  14   5   4  13  
 5  11   8   6  11  
--------------------------
 0   0   0   0   8  Max: 15
 9  12   7  11   5  
13   0  14  13   2  Pos: (0,4)
10  14   5   4  13  
 5  11   8   6  11  
--------------------------
 0   0   0   7   8  Max: 15
 9  12   7  11   5  
13   0  14  13   2  Pos: (0,3)
10  14   5   4  13  
 5  11   8   6  11  
--------------------------
 0   0   9   7   8  Max: 15
 9  12   7  11   5  
13   0  14  13   2  Pos: (0,2)
10  14   5   4  13  
 5  11   8   6  11  
--------------------------
 0  12   9   7   8  Max: 15
 9  12   7  11   5  
13   0  14  13   2  Pos: (0,1)
10  14   5   4  13  
 5  11   8   6  11  
--------------------------
11  12   9   7   8  Max: 15
 9  12   7  11   5  
13   0  14  13   2  Pos: (0,0)
10  14   5   4  13  
 5  11   8   6  11  
--------------------------
