11/02/2023    34123560    77
3/03/2023    94351621    10    18577696    10
23/01/2023    29772611    67    25650475    68
3/05/2023    22143644    10
7/01/2023    80861409    74    74962583    48    76471783    29
17/01/2023    84685156    58    33763303    84    81864733    46    83310207    88
21/01/2023    57781072    29    56279744    66    47777291    31    18864372    55    47777291    41
21/03/2023    12583928    74    78781192    68    19305528    16    22143644    78    95654030    57
6/01/2023    42620846    14    19305528    36    18864372    47    87197419    80    88642298    21    88463100    55    83310207    24
12/01/2023    13038626    29
5/05/2023    86304371    20    58897610    83    57781072    76    46667916    63
14/01/2023    23287983    27
19/02/2023    29772611    13    89015978    74    49928654    51    69495546    17
3/04/2023    40816428    10    64644939    84
8/05/2023    22143644    89    22143644    67    72895120    51    75307280    73    63108513    62
22/02/2023    39435422    85    57781072    83    30985360    15
27/04/2023    49928654    86    71662995    43    19687930    40
8/02/2023    19687930    40    92923724    57    17723698    11    68521386    60    72821103    90
15/02/2023    63108513    28    13613697    28    87197419    86    68521386    74
17/04/2023    29366832    59    87725049    68    40816428    32    88275746    40    98036560    86
6/05/2023    57803713    35    91275921    27    92923724    76
8/03/2023    73932723    20    18864372    21    61238188    22    24738433    41
7/05/2023    70268805    38    75274398    74    29366832    19
19/04/2023    29366832    35    25902367    61    39294590    26
12/04/2023    88275746    28    89015978    78    75274398    76
3/01/2023    40816428    47    87197419    79    13051900    86    69495546    56
27/02/2023    23287983    87    78781192    29    67152643    15
7/03/2023    27757101    33    22143644    62    24738433    11    23287983    22
28/02/2023    45646952    47    34123560    60    74930374    34    49928654    53    80861409    13    86304371    37    86304371    39    16347936    32
6/03/2023    88314411    46    61833853    81    69495546    45    36403547    71
27/03/2023    88275746    71    88314411    82    23287983    79
23/03/2023    95654030    43    98031819    39    33763303    90    45646952    30    73748921    62    13613697    67    88314411    36
21/04/2023    69495546    20    16347936    55    95654030    58    61238188    47    23287983    83
16/02/2023    24738433    32    77414330    72    30723979    34    39294590    48    30723979    55
28/03/2023    91275921    10    12862077    18    12862077    51    23287983    34    74930374    68    13038626    74    84685156    17
23/02/2023    92923724    72    64644939    41    12862077    20    34123560    18    61834025    46    88314411    10
5/04/2023    49928654    44    18577696    53    87197419    42
6/04/2023    72895120    30    98031819    14    12583928    74    25902367    87
1/01/2023    63108513    61    19305528    10
20/01/2023    61833853    78    19305528    80    77414330    32    34123560    65
2/01/2023    73748921    39    61238188    38    94305823    33    81864733    46    73748921    31    30985360    20    49928654    17    46667916    78
2/03/2023    40816428    52
19/03/2023    61564666    90    61834025    52
2/05/2023    18577696    75    33763303    24    42620846    27
18/03/2023    56279744    41    11282107    77    40816428    89
10/04/2023    58897610    60    30723979    30    88314411    15    49928654    64
24/02/2023    72895120    12    27718059    73    98031819    89
28/04/2023    16795834    17    24738433    65
9/04/2023    98031819    23    70268805    68    94305823    27    40730103    37    77689871    53
29/03/2023    64644939    35    62122326    59    19305528    12    17723698    34
7/02/2023    69495546    58    94351621    16
16/01/2023    77689871    32    64644939    55    49928654    60
15/03/2023    61833853    26    19687930    62
6/02/2023    58897610    27    58897610    63    88275746    54    91275921    72    78845169    83
22/03/2023    25650475    89    77753141    52    80324796    67
30/04/2023    80324796    88    23287983    90    45787791    70    61834025    63
25/02/2023    71662995    62    49928654    29    88463100    26    62122326    68    12583928    52    98031819    61    75274398    10
14/03/2023    88642298    49    39294590    86    45646952    10    27757101    21
29/04/2023    74962583    21
14/04/2023    13051900    40    45787791    33    18577696    10    81864733    15    24312298    64    61564666    49
29/01/2023    64644939    15    29366832    53    49928654    47    16795834    66
26/04/2023    94351621    21    83310207    71    16347936    47    29772611    21
11/01/2023    63108513    79    39435422    34    72895120    29    16795834    36    39435422    87    80861409    45    49928654    73
5/03/2023    95654030    52    94351621    86    80324796    25
25/03/2023    39435422    86    11282107    37    94305823    85
25/01/2023    18864372    72    63108513    68    45646952    89
10/03/2023    19305528    20    92923724    33    47777291    83    67152643    42    19305528    70
1/01/2023    46667916    87    15025361    18    18864372    89
30/03/2023    27757101    65    76471783    63    18864372    74    87725049    55    76471783    59
17/02/2023    86304371    60    33763303    29    77753141    17    29366832    47    27718059    31    88642298    73    78845169    50    81864733    15
1/02/2023    22143644    36    98036560    66    67152643    30
31/03/2023    47777291    68    84685156    68    12862077    27    11282107    19    63108513    84
8/01/2023    13613697    56    88275746    80    12862077    65    71662995    69    39294590    65    57803713    81
17/03/2023    30723979    13    87197419    47
30/01/2023    76471783    59    87197419    19    13038626    59    27718059    21
2/02/2023    75274398    53    88314411    46    78845169    16    67152643    85
10/02/2023    58897610    38
18/04/2023    61238188    30    77414330    41    61833853    10    11282107    73
4/05/2023    40730103    18
3/02/2023    88642298    47    74962583    35    62122326    72    88642298    21
18/02/2023    84685156    45
13/03/2023    63108513    45
12/04/2023    15025361    35    88642298    46
5/02/2023    98036560    79    11282107    70    34123560    39
13/02/2023    91275921    67    28697286    54    76471783    33    89015978    25    94305823    43    74962583    74    30985360    79    74930374    63
27/01/2023    11282107    26    67152643    60    68521386    48    78781192    20
15/01/2023    61564666    42
11/04/2023    72821103    12    98036560    28
5/01/2023    28697286    15    25902367    15
8/04/2023    92923724    72    45063992    63
26/02/2023    12583928    76    13613697    49    12583928    84    76471783    63
15/04/2023    47777291    27    82363466    52    77753141    65
14/02/2023    28697286    27
22/04/2023    62122326    65    18864372    29    67152643    59    94305823    50    77414330    22
1/04/2023    81864733    80    31593549    79
18/01/2023    40730103    28    11282107    21
7/04/2023    29772611    10    28697286    30
20/04/2023    98031819    58    94351621    76    72895120    20    78845169    23    30985360    69    47777291    46    83310207    30    12862077    66
9/01/2023    82363466    48    58897610    81    91275921    86    12583928    52    88275746    28
4/02/2023    57781072    24    57781072    74    40730103    22    61833853    71    61833853    64
24/01/2023    25902367    16    30723979    39    19687930    10    73748921    10
20/02/2023    58897610    48    23862163    40    57803713    72    74962583    42    78781192    20    31593549    26
12/03/2023    13038626    30    91275921    21
24/03/2023    39435422    20    29366832    45
9/02/2023    31593549    80    27757101    67
16/04/2023    74930374    21    28697286    34    31593549    11    83310207    48
28/01/2023    18577696    56    88275746    74    64644939    70    91275921    64    15025361    18    27718059    34    22143644    87
1/05/2023    75307280    57    39290027    69    39435422    69    91275921    25
1/03/2023    17723698    16    77689871    90    67152643    47    31593549    85    13038626    85    47777291    82
4/01/2023    25650475    29
2/04/2023    82363466    67    13051900    81
21/02/2023    29366832    84
4/04/2023    67152643    39    80861409    16    57781072    71    33763303    60    67152643    66    13038626    65    63108513    70    73748921    43
31/01/2023    74962583    34    24312298    90    42620846    59    57803713    30
10/01/2023    68521386    48
12/02/2023    80324796    31    87725049    90    61834025    90
4/03/2023    22143644    30    65918368    78    45787791    48
23/04/2023    98031819    71    23862163    19    30985360    36    71662995    54
16/03/2023    98036560    12    29366832    19    39294590    55    61564666    73    63108513    36    57803713    33    94305823    10    94351621    51
25/04/2023    11282107    18    11282107    85    18864372    43    92923724    71    36403547    45
13/01/2023    42620846    20
26/01/2023    42620846    54    98036560    83    12862077    27    45063992    85    40816428    38
20/03/2023    58897610    53    74930374    58    19687930    47    45787791    33
26/03/2023    76471783    44    75274398    22
19/01/2023    27757101    26    33763303    57
24/04/2023    57803713    86    65918368    90    56279744    58    78781192    85    67152643    19    56279744    57
5/01/2023    58897610    71
