                                      INSTITUCION EDUCATIVA_TP

                                  RELACION DE PAGOS DE LOS ALUMNOS
====================================================================================================
      Alumno      ESCALA        TOTAL DE CREDITOS     TOTAL DE CURSOS            TOTAL A PAGAR
----------------------------------------------------------------------------------------------------
01)  20195244       7                 31.75                  7                      28298.77
02)  20215248       7                 28.50                  7                      25402.05
03)  20193490       6                 31.75                  7                      24774.53
04)  20231938       8                 24.00                  6                      23839.20
05)  20193984       8                 23.75                  5                      23590.88
06)  20205864       8                 23.75                  6                      23590.88
07)  20191754       6                 28.75                  7                      22433.62
08)  20233583       9                 19.75                  5                      21308.28
09)  20216619       6                 27.00                  6                      21068.10
10)  20212697       6                 26.50                  6                      20677.95
11)  20221873       6                 25.50                  6                      19897.65
12)  20207741       8                 20.00                  5                      19866.00
13)  20197557       8                 19.50                  5                      19369.35
14)  20198608       6                 24.50                  6                      19117.35
15)  20197374       6                 24.00                  6                      18727.20
16)  20197155       6                 23.25                  5                      18141.97
17)  20222575       8                 18.25                  5                      18127.72
18)  20198434       7                 19.75                  5                      17603.17
19)  20198069       8                 17.50                  5                      17382.75
20)  20236905       7                 18.75                  5                      16711.88
21)  20231152       5                 23.25                  7                      15505.43
22)  20202687       6                 18.75                  5                      14630.62
23)  20218255       8                 13.75                  3                      13657.88
24)  20208940       4                 23.50                  6                      13082.45
25)  20218679       9                 12.00                  3                      12946.80
26)  20205844       9                 11.75                  3                      12677.08
27)  20209968       8                 12.75                  3                      12664.57
28)  20208971       4                 21.75                  6                      12108.23
29)  20198237       9                 11.00                  3                      11867.90
30)  20193012       5                 17.75                  5                      11837.48
31)  20207053       4                 21.25                  5                      11829.88
32)  20238549       8                 11.25                  3                      11174.62
33)  20218376       3                 24.25                  5                      11014.35
34)  20226455       4                 19.75                  5                      10994.82
35)  20197378       3                 23.75                  6                      10787.25
36)  20217328       2                 29.25                  7                      10588.50
37)  20224165       4                 19.00                  5                      10577.30
38)  20236453       4                 19.00                  5                      10577.30
39)  20198922       7                 11.75                  3                      10472.77
40)  20208175       3                 22.75                  6                      10333.05
41)  20192298       4                 18.25                  5                      10159.78
42)  20219990       2                 27.75                  6                      10045.50
43)  20213075       2                 27.75                  7                      10045.50
44)  20193573       4                 17.75                  5                       9881.43
45)  20198845       3                 21.75                  5                       9878.85
46)  20238246       1                 33.75                  7                       9527.62
47)  20195979       5                 14.25                  3                       9503.32
48)  20195764       2                 25.00                  7                       9050.00
49)  20193891       3                 19.75                  5                       8970.45
50)  20196536       3                 19.50                  5                       8856.90
51)  20197480       5                 12.50                  3                       8336.25
52)  20196245       1                 28.25                  7                       7974.98
53)  20227724       2                 19.00                  5                       6878.00
54)  20211892       1                 24.00                  6                       6775.20
55)  20233816       1                 24.00                  6                       6775.20
56)  20194050       5                 10.00                  3                       6669.00
57)  20193769       5                  9.50                  3                       6335.55
58)  20216298       4                 11.25                  3                       6262.88
59)  20224223       4                 11.25                  3                       6262.88
60)  20237059       1                 22.00                  6                       6210.60
61)  20195340       4                 11.00                  3                       6123.70
62)  20227341       3                 12.25                  3                       5563.95
63)  20239652       3                 12.00                  3                       5450.40
64)  20235440       1                 19.25                  5                       5434.28
65)  20202756       2                 14.75                  3                       5339.50
66)  20219566       2                 14.25                  5                       5158.50
67)  20236102       3                 11.25                  3                       5109.75
68)  20229272       1                 17.00                  5                       4799.10
69)  20205830       2                 13.25                  3                       4796.50
70)  20225162       3                 10.25                  3                       4655.55
71)  20226271       2                 12.25                  3                       4434.50
72)  20202031       2                 11.25                  3                       4072.50
73)  20221316       1                 13.75                  3                       3881.62
74)  20229400       1                 11.50                  3                       3246.45
75)  20193373       1                 10.75                  3                       3034.73
====================================================================================================

                                RELACION DE INGRESOS POR CADA CURSO
====================================================================================================
     CURSO       CREDITOS          ALUMNOS MATRICULADOS        TOTAL DE INGRESOS
----------------------------------------------------------------------------------------------------
01)  231289        3.00                      5                      1086.00
02)  109245        4.25                      5                      1538.50
03)  481220        3.75                      6                      2087.62
04)  109263        4.25                      7                      3316.27
05)  109248        3.25                      7                      1809.28
06)  231283        3.75                      7                      2926.12
07)  231373        2.75                      7                      1833.97
08)  481229        3.75                      8                      1357.50
09)  109250        4.75                      8                      1340.92
10)  481239        4.25                      9                      1199.78
11)  231206        2.75                      9                      1249.05
12)  481218        5.25                      9                      2384.55
13)  231286        3.25                      9                      1476.15
14)  481230        3.75                      9                      4045.88
15)  109238        5.00                      9                      3901.50
16)  231209        3.75                     10                      1357.50
17)  481247        3.75                     10                      1058.62
18)  481203        4.25                     10                      3316.27
19)  109281        3.25                     10                      1809.28
20)  375218        3.25                     11                       917.48
21)  375219        2.25                     11                      1500.52
22)  109282        4.25                     11                      3316.27
23)  481219        3.25                     11                      2535.97
24)  375241        5.75                     11                      2081.50
25)  109239        4.25                     12                      4221.52
26)  481248        4.00                     12                      2667.60
27)  109220        3.25                     13                      1176.50
28)  375781        4.75                     13                      1719.50
29)  481227        4.00                     15                      3973.20
30)  231292        2.75                     17                      1249.05
31)  231270        5.75                     17                      1623.23
32)  481208        3.75                     17                      2926.12
33)  231269        4.75                     17                      4233.68
34)  109246        4.75                     18                      4233.68
