Año-Mes: 201901
FECHA          LICENCIA       LICENCIA       NOMBRE         FALTA          
==================================================================================================================================
20190102       335            15559308                      X6O-905        
20190102       115            16477908                      W7C-957        
20190102       329            47844324                      X7J-719        
20190103       170            15115705                      N9Q-814        
20190104       170            90467829                      H1R-953        
20190104       338            70414420                      V9J-051        
20190105       306            68310808                      K2N-341        
20190105       327            81485316                      F1O-596        
20190106       154            31107104                      E0I-722        
20190106       337            60335381                      E6T-667        
20190107       305            79766395                      T3R-184        
20190108       115            77763722                      D1M-667        
20190109       305            79672079                      O3H-954        
20190109       304            15029228                      J0Q-121        
20190109       157            35671623                      K0T-350        
20190110       323            26522329                      W7R-114        
20190110       148            88167677                      B4C-100        
20190112       111            19963454                      H8A-390        
20190112       320            81485316                      J5T-691        
20190112       334            45043076                      I1D-713        
20190114       336            77367073                      W4W-684        
20190116       334            34976629                      J8B-303        
20190116       149            47528229                      T8Y-354        
20190116       314            35683701                      D5W-953        
20190116       318            27864822                      T9U-338        
20190117       132            77367073                      N7K-403        
20190118       330            84186239                      W9Y-717        
20190118       310            48878256                      F2F-895        
20190119       136            30046639                      P6I-223        
20190120       103            25518120                      U1X-768        
20190120       306            73567806                      A7Y-833        
20190121       206            85501710                      N2C-590        
20190121       323            53853385                      O4X-603        
20190122       117            52002275                      C0S-417        
20190122       309            81799482                      V7P-711        
20190123       162            64532449                      X3Z-285        
20190125       108            64532449                      X3Z-285        
20190125       308            36079131                      I0W-872        
20190125       327            27185429                      U3F-754        
20190126       336            70414420                      V9J-051        
20190129       153            32244565                      K4F-319        
20190129       311            29989682                      W3T-571        
20190129       335            47844324                      F1H-328        
20190130       321            21621497                      W5W-525        
20190130       304            54447051                      G3Y-654        
20190130       155            35683701                      D5W-953        
20190131       163            21621497                      Z7C-785        
Año-Mes: 201902
FECHA          LICENCIA       LICENCIA       NOMBRE         FALTA          
==================================================================================================================================
20190202       325            51929951                      O8J-848        
20190203       140            27864822                      S3D-133        
20190204       123            71578206                      L4H-670        
20190206       308            34248357                      H4R-733        
20190206       152            49428502                      C0A-114        
20190206       107            90467829                      K4H-445        
20190207       157            34248357                      U0T-459        
20190208       150            15559308                      X6O-905        
20190208       133            82031355                      H6X-124        
20190208       117            69494747                      J8D-125        
20190210       101            97849227                      I0K-077        
20190211       151            19963454                      D9A-711        
20190211       103            34248357                      U0T-459        
20190212       131            96693273                      C0G-556        
20190214       311            47528229                      T8Y-354        
20190214       130            73567806                      A7Y-833        
20190215       165            50200823                      Q6C-943        
20190215       304            87495937                      M5G-669        
20190216       124            35912665                      D7L-648        
20190217       201            29833157                      I9F-484        
20190218       328            49927087                      M8Q-758        
20190218       202            80457845                      Z5G-762        
20190220       332            21621497                      Z7C-785        
20190220       307            66849703                      J2F-853        
20190221       319            88854166                      H3E-885        
20190221       152            73357516                      E6R-293        
20190223       159            58992942                      Q6B-243        
20190223       156            15559308                      T8F-368        
20190224       331            54447051                      G3Y-654        
20190225       135            87282766                      S1D-093        
20190225       203            43454884                      G0F-080        
20190226       205            21621497                      Z7C-785        
20190226       104            34248357                      U0T-459        
20190228       312            54447051                      D5W-773        
20190228       115            29989682                      B1J-773        
Año-Mes: 201903
FECHA          LICENCIA       LICENCIA       NOMBRE         FALTA          
==================================================================================================================================
20190301       313            79766395                      N6D-256        
20190302       113            82031355                      Z5D-724        
20190304       324            30441350                      X0F-315        
20190306       207            26522329                      W7R-114        
20190306       141            87495937                      C5G-743        
20190306       323            88167677                      V7U-622        
20190307       161            88167677                      Y4Y-028        
20190307       164            68310808                      X6M-077        
20190308       138            31107104                      E0I-722        
20190308       325            69252518                      Y0Y-415        
20190309       104            81799482                      E3U-768        
20190310       135            12270502                      Y5F-449        
20190311       106            70414420                      U5T-348        
20190311       311            81528434                      B3U-020        
20190311       147            50200823                      R0P-255        
20190312       147            69252518                      P7I-760        
20190313       130            64532449                      X3Z-285        
20190313       208            60784914                      A8J-929        
20190314       318            38862473                      K3B-165        
20190314       127            42956681                      L8Z-555        
20190315       156            53374153                      G6I-762        
20190316       302            24859596                      B8B-326        
20190317       320            73972114                      J2M-606        
20190317       320            43454884                      P6Z-734        
20190318       336            64178096                      I0X-469        
20190318       152            54141214                      G2I-709        
20190318       327            73567806                      Q9D-870        
20190318       208            27864822                      T9U-338        
20190318       135            63736112                      T9A-930        
20190319       304            77763722                      D1M-667        
20190319       152            15029228                      J0Q-121        
20190320       118            52003695                      H8S-849        
20190320       301            79641328                      B4R-105        
20190321       150            13219606                      N1O-921        
20190321       121            25518120                      F2C-703        
20190322       320            42956681                      A6D-661        
20190323       126            35912665                      O2Z-308        
20190323       333            85501710                      Z4K-431        
20190325       147            15559308                      S3L-803        
20190325       318            48878256                      Z4L-514        
20190327       132            34976629                      J8B-303        
20190327       127            47528229                      I4H-529        
20190330       326            27864822                      T9U-338        
20190330       334            79672079                      O3H-954        
Año-Mes: 201904
FECHA          LICENCIA       LICENCIA       NOMBRE         FALTA          
==================================================================================================================================
20190401       122            25518120                      E1J-798        
20190403       113            80457845                      M7F-612        
20190404       147            89941095                      R8O-904        
20190405       122            82031355                      H6X-124        
20190405       312            15559308                      S3L-803        
20190406       153            84186239                      W9Y-717        
20190407       157            15115705                      N9Q-814        
20190407       146            29833157                      S2N-896        
20190408       117            35297848                      O7D-970        
20190408       134            32244565                      J1E-736        
20190411       117            84186239                      T6W-978        
20190411       320            45043076                      R1T-735        
20190413       323            80310768                      N5J-515        
20190415       341            73567806                      A7Y-833        
20190416       160            63736112                      K0D-676        
20190418       134            67185679                      F1F-571        
20190419       106            73567806                      Q9D-870        
20190419       151            35671623                      V4E-749        
20190420       130            29833157                      I9F-484        
20190420       140            54141214                      J7Y-327        
20190422       143            82031355                      H6X-124        
20190422       302            53853385                      T9X-217        
20190422       204            36079131                      I0W-872        
20190425       160            35912665                      O2Z-308        
20190426       148            96693273                      C0G-556        
20190429       325            32244565                      M8W-853        
20190430       170            96693273                      C0G-556        
20190430       137            36079131                      I0W-872        
Año-Mes: 201905
FECHA          LICENCIA       LICENCIA       NOMBRE         FALTA          
==================================================================================================================================
20190501       161            81799482                      V7P-711        
20190501       170            60784914                      A8J-929        
20190502       331            75945248                      K6X-977        
20190502       101            77763722                      W2L-827        
20190503       121            51395324                      M4Z-108        
20190503       301            73567806                      E2D-493        
20190503       335            48878256                      G2R-979        
20190503       119            27864822                      S3D-133        
20190504       127            71578206                      Y9F-491        
20190505       335            88167677                      O0C-616        
20190505       108            80457845                      Z5G-762        
20190506       321            52002275                      C0S-417        
20190509       102            19568447                      O7W-705        
20190510       306            96693273                      A6K-820        
20190510       121            87495937                      Z8C-558        
20190513       152            75945248                      K6X-977        
20190513       308            90467829                      H1R-953        
20190513       154            32244565                      K4F-319        
20190514       306            38862473                      S6Y-726        
20190514       321            16925690                      F3F-478        
20190514       304            34248357                      R7N-062        
20190515       208            80310768                      M1E-751        
20190515       306            26522329                      W7R-114        
20190515       328            38862473                      K3B-165        
20190516       109            87495937                      M5G-669        
20190518       201            66849703                      B4N-777        
20190518       106            48878256                      G2R-979        
20190519       151            79641328                      X8Q-687        
20190519       118            66849703                      J2F-853        
20190520       137            35683701                      D5W-953        
20190521       147            73357516                      E6R-293        
20190521       341            16136330                      E3U-231        
20190521       109            53853385                      T9X-217        
20190522       152            49927087                      G7B-252        
20190522       114            29833157                      I9F-484        
20190523       104            53853385                      R6P-267        
20190524       128            34248357                      S5E-231        
20190526       122            80457845                      M7F-612        
20190526       126            75348522                      P5B-640        
20190527       151            73357516                      E6R-293        
20190528       166            99950484                      Y6I-680        
20190528       137            96693273                      B9X-420        
20190530       322            96693273                      B9X-420        
20190530       206            15029228                      N0Z-560        
20190531       154            88167677                      O0C-616        
20190531       128            74325123                      V9F-655        
20190531       204            50201756                      K5K-595        
Año-Mes: 201906
FECHA          LICENCIA       LICENCIA       NOMBRE         FALTA          
==================================================================================================================================
20190601       145            49927087                      X3E-271        
20190601       132            16477908                      X9D-758        
20190602       118            88167677                      V7U-622        
20190603       137            80457845                      M7F-612        
20190603       144            16925690                      R7N-113        
20190605       146            21621497                      W5W-525        
20190605       146            64532449                      V4I-691        
20190606       126            39544560                      Y0K-784        
20190607       129            19963454                      D9A-711        
20190608       328            24859596                      L6D-758        
20190608       121            12858682                      T5L-371        
20190608       116            30046639                      S3F-021        
20190610       304            73972114                      D8H-157        
20190610       137            27864822                      R5C-239        
20190610       108            82870470                      C4O-436        
20190611       151            81799482                      V7P-711        
20190612       332            26522329                      W7R-114        
20190612       137            36079131                      H5S-788        
20190612       306            79672079                      Y3Q-331        
20190612       116            88167677                      Y4Y-028        
20190613       315            88167677                      B4C-100        
20190614       132            68310808                      X6M-077        
20190615       164            26522329                      U7R-252        
20190616       130            54447051                      D5W-773        
20190617       165            87282766                      S1D-093        
20190617       203            86718074                      Q6I-941        
20190619       301            31107104                      O3T-110        
20190619       113            85501710                      Z4K-431        
20190619       318            89314225                      C3A-423        
20190620       159            53374153                      V7L-069        
20190621       161            34248357                      U0T-459        
20190621       306            24859596                      B8B-326        
20190621       125            71578206                      G7Z-721        
20190623       338            49428502                      C0A-114        
20190624       321            48450395                      H6H-085        
20190625       301            36079131                      I0W-872        
20190625       311            73357516                      G0B-604        
20190625       155            68310808                      X6M-077        
20190625       106            27268323                      L6Z-161        
20190626       163            69252518                      Y0Y-415        
20190626       159            79766395                      N6D-256        
20190627       337            12858682                      T5L-371        
20190628       133            87282766                      S1D-093        
20190628       128            71832810                      T1K-210        
20190629       311            73567806                      W9Z-281        
20190629       156            79641328                      L0L-653        
20190629       207            47528229                      G8O-154        
20190630       205            54447051                      G3Y-654        
20190630       107            13219606                      N1O-921        
Año-Mes: 201907
FECHA          LICENCIA       LICENCIA       NOMBRE         FALTA          
==================================================================================================================================
20190701       126            80457845                      Z5G-762        
20190702       121            88854166                      H3E-885        
20190702       125            48878256                      W6Z-142        
20190702       163            79641328                      X8Q-687        
20190702       125            85501710                      Z4K-431        
20190704       164            13219606                      M2Q-712        
20190705       327            43454884                      G0F-080        
20190706       117            16925690                      F3F-478        
20190708       152            50200823                      Q6C-943        
20190709       115            69252518                      Y0Y-415        
20190710       145            42956681                      E0L-862        
20190711       330            16925690                      F3F-478        
20190712       164            70414420                      U5T-348        
20190712       311            34248357                      U0T-459        
20190712       153            47528229                      I4H-529        
20190713       328            38862473                      S6Y-726        
20190714       202            71832810                      T1K-210        
20190714       339            81485316                      F1O-596        
20190715       134            30441350                      X0F-315        
20190716       132            48450395                      G1P-591        
20190717       324            79641328                      X8Q-687        
20190718       321            27864822                      T9U-338        
20190721       206            29989682                      W3T-571        
20190722       156            35912665                      O2Z-308        
20190722       341            26522329                      W7R-114        
20190723       333            52002275                      C0S-417        
20190724       148            69252518                      P7I-760        
20190724       148            12270502                      P7T-999        
20190726       122            85501710                      Z4K-431        
20190726       320            73567806                      E2D-493        
20190727       170            12443643                      R8H-409        
20190727       312            89941095                      P6T-244        
20190729       136            32244565                      W9L-468        
20190729       161            50201756                      K5K-595        
Año-Mes: 201908
FECHA          LICENCIA       LICENCIA       NOMBRE         FALTA          
==================================================================================================================================
20190801       122            42956681                      L8Z-555        
20190803       146            32244565                      K4F-319        
20190805       331            54447051                      U5L-205        
20190806       141            99950484                      L8A-167        
20190806       305            48878256                      W6Z-142        
20190808       117            34976629                      I0Y-720        
20190808       341            77763722                      A1Q-612        
20190809       119            87495937                      L2H-207        
20190809       310            73357516                      J2K-636        
20190809       161            16925690                      B4I-014        
20190810       122            67185679                      I2P-193        
20190810       308            42956681                      L8Z-555        
20190810       163            79766395                      H7P-047        
20190811       144            49927087                      X3E-271        
20190812       322            84186239                      W9Y-717        
20190814       103            32244565                      J1E-736        
20190814       307            47528229                      I4H-529        
20190814       139            60784914                      P4Y-758        
20190816       305            74325123                      C2V-710        
20190818       330            36079131                      I0W-872        
20190818       115            87495937                      L2H-207        
20190820       336            79766395                      N6D-256        
20190820       322            48878256                      G2R-979        
20190821       134            53374153                      V7L-069        
20190824       319            88854166                      L3N-150        
20190824       324            38862473                      S6Y-726        
20190825       126            79672079                      O3H-954        
20190826       309            38862473                      I4B-541        
20190827       144            16925690                      B4I-014        
20190830       147            81485316                      E1N-544        
20190831       159            81485316                      E1N-544        
20190831       150            89941095                      P6N-119        
20190831       329            48878256                      Z4L-514        
Año-Mes: 201909
FECHA          LICENCIA       LICENCIA       NOMBRE         FALTA          
==================================================================================================================================
20190901       170            53853385                      O5L-856        
20190901       329            77763722                      Q4P-612        
20190901       129            30441350                      Q6Q-335        
20190902       130            15559308                      S3L-803        
20190902       166            71832810                      W1C-444        
20190902       339            73357516                      G0B-604        
20190903       142            53374153                      V7L-069        
20190903       163            47528229                      T8Y-354        
20190903       110            96693273                      C0G-556        
20190903       129            50200823                      Q6C-943        
20190904       335            44346371                      S4J-282        
20190904       136            13219606                      T3B-722        
20190905       104            88167677                      B4C-100        
20190905       336            50200823                      R0P-255        
20190905       101            53374153                      R2T-476        
20190906       127            88167677                      V7U-622        
20190906       327            30046639                      S3F-021        
20190907       127            79672079                      Y3Q-331        
20190908       161            64532449                      J0V-437        
20190910       301            35912665                      A6E-125        
20190912       143            74325123                      H0E-855        
20190913       124            71832810                      Q3M-512        
20190913       320            71578206                      Y9F-491        
20190914       101            47844324                      X7J-719        
20190915       142            50201756                      K5K-595        
20190915       339            38862473                      I4B-541        
20190915       110            52002275                      C0S-417        
20190916       304            87495937                      Z8C-558        
20190916       118            52002275                      C0S-417        
20190916       316            12270502                      Y5F-449        
20190917       203            37080813                      P7E-145        
20190919       146            49927087                      G7B-252        
20190919       149            89314225                      C3A-423        
20190920       161            15559308                      S3L-803        
20190922       106            82870470                      C4O-436        
20190923       321            35671623                      V4E-749        
20190923       311            96693273                      F3R-138        
20190924       131            89941095                      P6T-244        
20190925       134            89941095                      P6T-244        
20190925       157            77367073                      W4W-684        
20190926       333            54141214                      J7Y-327        
20190926       321            38862473                      I4B-541        
20190926       339            35912665                      O4X-500        
20190927       140            15559308                      T8F-368        
20190927       124            63291514                      Z1A-459        
20190928       305            69252518                      Y0Y-415        
20190928       106            50201756                      X8O-807        
20190928       327            90467829                      C9H-661        
20190928       150            54447051                      U5L-205        
20190928       111            50200823                      R0P-255        
20190929       322            64178096                      B7V-643        
20190930       329            99950484                      Y9W-731        
Año-Mes: 201910
FECHA          LICENCIA       LICENCIA       NOMBRE         FALTA          
==================================================================================================================================
20191001       305            53374153                      G6I-762        
20191001       133            54447051                      G3Y-654        
20191002       144            70414420                      U5T-348        
20191003       160            88167677                      V7U-622        
20191003       306            87282766                      S1D-093        
20191003       157            75348522                      E1L-705        
20191004       207            64178096                      I0X-469        
20191004       305            82031355                      J0J-790        
20191005       310            24859596                      A8P-118        
20191006       126            44188994                      M0X-657        
20191007       309            81799482                      V7P-711        
20191007       305            34248357                      U0T-459        
20191007       306            49428502                      T0V-569        
20191008       129            77763722                      W2L-827        
20191008       144            15029228                      C0P-895        
20191009       137            48878256                      F2F-895        
20191011       164            88854166                      H3E-885        
20191012       339            30441350                      Q6Q-335        
20191012       331            70414420                      V9J-051        
20191013       138            50200823                      H1E-399        
20191014       156            35912665                      O2Z-308        
20191017       101            99950484                      X0R-946        
20191017       325            63736112                      T9A-930        
20191018       145            48878256                      Z4L-514        
20191018       145            32090869                      L4B-291        
20191018       112            70414420                      A7Y-514        
20191019       335            35297848                      O7D-970        
20191019       319            60784914                      A8J-929        
20191020       118            60335381                      E6T-667        
20191021       302            63736112                      K0D-676        
20191021       158            47528229                      U0N-343        
20191023       165            82031355                      H6X-124        
20191023       154            52002275                      C0S-417        
20191023       135            67185679                      I2P-193        
20191024       144            73972114                      A2F-518        
20191025       158            84186239                      T6W-978        
20191026       341            80310768                      M1E-751        
20191027       112            85501710                      N2C-590        
20191027       127            39544560                      N4J-043        
20191027       104            16477908                      W7C-957        
20191027       118            48878256                      G2R-979        
20191028       129            31205866                      U6A-456        
20191029       203            85501710                      N2C-590        
20191029       154            87282766                      S1D-093        
20191029       105            54447051                      G3Y-654        
20191031       122            64532449                      X3Z-285        
20191031       165            60784914                      P4Y-758        
20191031       139            50200823                      R0P-255        
Año-Mes: 201911
FECHA          LICENCIA       LICENCIA       NOMBRE         FALTA          
==================================================================================================================================
20191101       114            50200823                      H1E-399        
20191102       147            63736112                      T9A-930        
20191102       131            28820944                      H2K-127        
20191102       306            74325123                      C2V-710        
20191102       149            79766395                      H7P-047        
20191104       111            71578206                      G7Z-721        
20191104       163            15115705                      N9Q-814        
20191104       147            48450395                      Q5S-871        
20191105       325            48450395                      H6H-085        
20191106       123            32244565                      M8W-853        
20191107       316            32244565                      J1E-736        
20191107       315            19963454                      T9D-604        
20191108       133            81528434                      D6F-465        
20191112       142            96693273                      F3R-138        
20191112       323            80457845                      M7F-612        
20191112       337            77763722                      A1Q-612        
20191113       160            68303148                      H1W-140        
20191114       142            69252518                      Y0Y-415        
20191116       330            47528229                      G8O-154        
20191116       149            51929951                      O8J-848        
20191117       160            30046639                      S3F-021        
20191117       166            16925690                      B4I-014        
20191118       335            32244565                      M8W-853        
20191119       151            27185429                      S9I-160        
20191119       148            79641328                      L0L-653        
20191120       155            32244565                      W9L-468        
20191121       111            19963454                      D9A-711        
20191122       101            26522329                      U5W-825        
20191122       324            77763722                      D1M-667        
20191123       332            27185429                      S9I-160        
20191125       116            60784914                      C6Q-548        
20191126       133            15559308                      S3L-803        
20191126       333            99950484                      L8A-167        
20191127       164            15559308                      X6O-905        
20191127       334            82031355                      Z5D-724        
20191127       315            35671623                      V4E-749        
20191127       151            89314225                      C3A-423        
20191129       137            49927087                      M8Q-758        
20191129       165            82031355                      H6X-124        
Año-Mes: 201912
FECHA          LICENCIA       LICENCIA       NOMBRE         FALTA          
==================================================================================================================================
20191203       302            29989682                      W3T-571        
20191204       324            87495937                      M5G-669        
20191205       127            77367073                      N7K-403        
20191205       205            47844324                      X7J-719        
20191206       104            86718074                      L4O-783        
20191207       307            75945248                      K6X-977        
20191210       133            80457845                      M7F-612        
20191210       201            15029228                      C0P-895        
20191215       155            35912665                      O4X-500        
20191216       134            77367073                      H9A-097        
20191216       149            64532449                      J0V-437        
20191217       330            12270502                      Y5F-449        
20191217       201            34976629                      I0Y-720        
20191218       132            54447051                      D5W-773        
20191218       118            16136330                      E3U-231        
20191219       136            35912665                      O4X-500        
20191220       208            32244565                      W9L-468        
20191220       302            47528229                      G8O-154        
20191221       104            12270502                      P7T-999        
20191221       131            87495937                      L2H-207        
20191222       146            53853385                      O4X-603        
20191222       322            15029228                      J0Q-121        
20191223       122            26522329                      U7R-252        
20191225       151            86718074                      L4O-783        
20191225       134            27864822                      T9U-338        
20191226       328            35671623                      P2Q-870        
20191230       146            16477908                      W7C-957        
20191231       154            31107104                      E0I-722        
20191231       114            60335381                      E6T-667        
20191231       124            73567806                      A7Y-833        
Año-Mes: 202001
FECHA          LICENCIA       LICENCIA       NOMBRE         FALTA          
==================================================================================================================================
20200101       123            58992942                      V7O-315        
20200102       134            45043076                      S7E-946        
20200102       206            29989682                      B1J-773        
20200103       305            82031355                      Z5D-724        
20200104       128            88167677                      O0C-616        
20200104       339            79641328                      X8Q-687        
20200106       314            89941095                      P6N-119        
20200106       320            34976629                      I0Y-720        
20200106       112            73357516                      J2K-636        
20200107       124            87495937                      M5G-669        
20200108       148            31107104                      E0I-722        
20200108       324            81485316                      J5T-691        
20200109       331            87282766                      S1D-093        
20200110       313            34248357                      H4R-733        
20200110       307            53853385                      O5L-856        
20200110       104            77367073                      N7K-403        
20200111       136            21621497                      R5I-860        
20200111       103            79641328                      X8Q-687        
20200111       313            39544560                      N4J-043        
20200112       112            49927087                      X3E-271        
20200113       103            82870470                      K0H-387        
20200113       302            13628871                      F3E-797        
20200115       131            73972114                      A2F-518        
20200115       119            79672079                      O3H-954        
20200115       306            53853385                      O5L-856        
20200116       150            53853385                      R6P-267        
20200118       158            27864822                      S3D-133        
20200119       154            71832810                      T1K-210        
20200119       123            25518120                      U1X-768        
20200119       142            13628871                      F3E-797        
20200120       330            54141214                      Y9G-536        
20200120       206            67185679                      F1F-571        
20200121       145            27864822                      S3D-133        
20200121       339            77763722                      A1Q-612        
20200122       322            79766395                      N6D-256        
20200122       305            73567806                      Q9D-870        
20200122       150            81528434                      D6F-465        
20200123       341            73567806                      W9Z-281        
20200123       115            48878256                      Z4L-514        
20200124       314            19963454                      D9A-711        
20200124       321            32244565                      K4F-319        
20200124       309            73567806                      E2D-493        
20200125       105            73567806                      Q9D-870        
20200126       166            36079131                      I0W-872        
20200126       309            81528434                      B3U-020        
20200126       326            73972114                      J2M-606        
20200127       164            89314225                      C3A-423        
20200127       126            97849227                      I0K-077        
20200127       309            77763722                      Q4P-612        
20200127       312            32090869                      L4B-291        
20200127       205            60784914                      C6Q-548        
20200129       158            31107104                      O3T-110        
20200129       134            29833157                      S2N-896        
20200130       307            19963454                      X9O-440        
Año-Mes: 202002
FECHA          LICENCIA       LICENCIA       NOMBRE         FALTA          
==================================================================================================================================
20200201       312            29833157                      I5K-310        
20200202       125            27185429                      U3F-754        
20200202       142            75348522                      X0D-655        
20200203       123            88167677                      B4C-100        
20200204       149            37080813                      P7E-145        
20200204       170            73357516                      G0B-604        
20200204       328            30441350                      X0F-315        
20200204       131            30046639                      S3F-021        
20200205       150            80457845                      M7F-612        
20200205       149            52002275                      C0S-417        
20200205       339            26522329                      W7R-114        
20200205       103            64532449                      K8R-348        
20200205       136            90467829                      H1R-953        
20200205       315            32244565                      K4F-319        
20200206       125            32244565                      W9L-468        
20200206       310            88167677                      Y4Y-028        
20200207       121            53853385                      R6P-267        
20200208       203            52002275                      C0S-417        
20200208       315            79641328                      B4R-105        
20200210       144            34976629                      I0Y-720        
20200210       145            37080813                      O9W-355        
20200212       128            16925690                      F3F-478        
20200212       338            88167677                      O0C-616        
20200212       104            80457845                      W0C-131        
20200214       143            16925690                      R7N-113        
20200214       151            34248357                      H4R-733        
20200215       155            87495937                      M5G-669        
20200215       133            73972114                      A2F-518        
20200217       120            71578206                      G7Z-721        
20200217       166            31205866                      U6A-456        
20200217       202            79641328                      B4R-105        
20200218       139            66849703                      B4N-777        
20200218       158            74325123                      V9F-655        
20200219       154            30441350                      T7F-869        
20200219       329            58992942                      H8M-598        
20200220       329            77367073                      N7K-403        
20200220       143            64532449                      X3Z-285        
20200221       341            89314225                      C3A-423        
20200221       112            34248357                      U0T-459        
20200222       147            48450395                      G1P-591        
20200222       123            96693273                      C0G-556        
20200222       125            27864822                      T9U-338        
20200222       328            35671623                      V4E-749        
20200222       130            54665716                      D2V-055        
20200222       312            73972114                      J2M-606        
20200223       334            45043076                      R1T-735        
20200223       153            48528209                      T9L-709        
20200223       112            77763722                      D1M-667        
20200224       166            31205866                      U6A-456        
20200224       306            60784914                      P4Y-758        
20200224       311            97849227                      I0K-077        
20200225       115            66849703                      B4N-777        
20200225       306            50200823                      R0P-255        
20200225       157            85501710                      Z4K-431        
20200225       131            19963454                      X9O-440        
20200226       159            70414420                      U5T-348        
20200226       104            86429854                      M5U-987        
20200226       101            24859596                      A8P-118        
20200227       337            27185429                      U3F-754        
20200227       318            12858682                      T5L-371        
20200228       102            58992942                      Q6B-243        
20200228       316            67185679                      S7F-983        
20200229       158            34248357                      S5E-231        
Año-Mes: 202003
FECHA          LICENCIA       LICENCIA       NOMBRE         FALTA          
==================================================================================================================================
20200301       121            74325123                      V9F-655        
20200301       126            49428502                      C0A-114        
20200302       312            47528229                      G8O-154        
20200302       138            28820944                      H2K-127        
20200302       332            42956681                      A6D-661        
20200303       143            82870470                      K0H-387        
20200303       203            48878256                      W6Z-142        
20200304       117            60784914                      C6Q-548        
20200304       115            63736112                      K0D-676        
20200304       208            79766395                      H7P-047        
20200305       204            64178096                      B7V-643        
20200305       310            29989682                      B1J-773        
20200306       109            80457845                      Z5G-762        
20200306       142            79672079                      R7U-941        
20200307       133            15559308                      X6O-905        
20200308       125            27864822                      S3D-133        
20200308       331            30441350                      X0F-315        
20200309       309            15559308                      X6O-905        
20200310       122            67185679                      S7F-983        
20200311       308            12858682                      T5L-371        
20200311       148            48528209                      T9L-709        
20200312       102            86718074                      Q6I-941        
20200312       139            73357516                      G0B-604        
20200312       324            29989682                      B1J-773        
20200312       317            48450395                      H6H-085        
20200313       166            82031355                      Z5D-724        
20200313       203            73567806                      A7Y-833        
20200314       104            54141214                      J7Y-327        
20200314       207            49927087                      X3E-271        
20200314       122            73357516                      G0B-604        
20200315       208            49927087                      X3E-271        
20200315       127            67185679                      I2P-193        
20200317       158            30441350                      M9Z-497        
20200317       137            44188994                      M0X-657        
20200317       158            87495937                      L2H-207        
20200317       132            77763722                      W2L-827        
20200317       141            52003695                      H8S-849        
20200317       319            29833157                      I5K-310        
20200318       123            16477908                      X9D-758        
20200319       302            13628871                      F3E-797        
20200319       319            80310768                      N5J-515        
20200320       157            50200823                      R0P-255        
20200320       163            80310768                      O2F-523        
20200321       108            13628871                      F3E-797        
20200323       320            52002275                      J8N-930        
20200324       105            73972114                      D8H-157        
20200325       202            27864822                      R5C-239        
20200325       332            12270502                      Y5F-449        
20200325       143            77763722                      A1Q-612        
20200326       148            82031355                      H6X-124        
20200326       310            64178096                      G3B-505        
20200327       127            29989682                      B1J-773        
20200328       208            47844324                      F1H-328        
20200328       316            54141214                      G2I-709        
20200329       150            87495937                      L2H-207        
20200329       325            38862473                      S6Y-726        
20200329       326            99950484                      L8A-167        
20200330       160            71832810                      W1C-444        
20200330       144            30046639                      L8F-459        
20200331       129            38862473                      S6Y-726        
Año-Mes: 202004
FECHA          LICENCIA       LICENCIA       NOMBRE         FALTA          
==================================================================================================================================
20200401       150            81528434                      D6F-465        
20200402       143            42956681                      E0L-862        
20200402       302            79766395                      N6D-256        
20200403       161            35671623                      V4E-749        
20200403       145            34976629                      I0Y-720        
20200404       307            29833157                      I5K-310        
20200404       206            79766395                      N6D-256        
20200405       166            31205866                      U6A-456        
20200405       320            85501710                      N2C-590        
20200406       157            29833157                      I5K-310        
20200406       338            26522329                      W7R-114        
20200406       145            13219606                      N1O-921        
20200407       114            68310808                      K2N-341        
20200408       113            82031355                      J0J-790        
20200408       204            79641328                      L0L-653        
20200409       118            88167677                      O0C-616        
20200409       125            49428502                      C0A-114        
20200410       306            86429854                      K1F-766        
20200411       154            86429854                      M5U-987        
20200411       143            16925690                      R7N-113        
20200413       146            30046639                      S3F-021        
20200413       150            12270502                      P7T-999        
20200413       103            86429854                      K1F-766        
20200414       315            50200823                      Q6C-943        
20200414       102            12270502                      O1C-880        
20200414       129            73567806                      Q9D-870        
20200415       338            86429854                      K1F-766        
20200416       313            13219606                      T3B-722        
20200416       154            30441350                      M9Z-497        
20200417       319            81485316                      J5T-691        
20200417       121            75945248                      K6X-977        
20200417       162            79672079                      Y3Q-331        
20200418       335            80457845                      Z5G-762        
20200418       339            54141214                      G2I-709        
20200419       158            29989682                      W3T-571        
20200419       156            68303148                      H1W-140        
20200421       304            63736112                      K0D-676        
20200421       124            66849703                      B4N-777        
20200421       163            67185679                      S7F-983        
20200422       106            48450395                      G1P-591        
20200422       328            15029228                      J0Q-121        
20200422       310            12858682                      T5L-371        
20200422       326            49927087                      M8Q-758        
20200424       328            45043076                      R1T-735        
20200426       149            34248357                      U0T-459        
20200426       207            86429854                      K1F-766        
20200430       107            67185679                      F1F-571        
20200430       147            96693273                      F3R-138        
Año-Mes: 202005
FECHA          LICENCIA       LICENCIA       NOMBRE         FALTA          
==================================================================================================================================
20200501       146            54447051                      G3Y-654        
20200501       314            34248357                      R7N-062        
20200501       333            86429854                      K1F-766        
20200503       320            21621497                      D6W-048        
20200505       329            24859596                      L6D-758        
20200505       124            37080813                      P7E-145        
20200505       120            21621497                      R5I-860        
20200506       107            99950484                      Y6I-680        
20200507       139            30441350                      M9Z-497        
20200507       125            30441350                      M9Z-497        
20200508       150            34976629                      J8B-303        
20200508       146            79766395                      T3R-184        
20200508       310            77367073                      H9A-097        
20200508       314            34248357                      S5E-231        
20200510       103            73357516                      J2K-636        
20200511       155            49927087                      M8Q-758        
20200511       154            30046639                      S3F-021        
20200511       204            87282766                      S1D-093        
20200512       107            48878256                      F2F-895        
20200513       204            37080813                      O9W-355        
20200513       147            48450395                      Q5S-871        
20200513       146            26522329                      U5W-825        
20200514       131            13628871                      F3E-797        
20200514       129            77367073                      C2S-070        
20200514       309            60784914                      C6G-842        
20200514       102            29833157                      S2N-896        
20200515       310            79766395                      N6D-256        
20200515       329            28820944                      H2K-127        
20200515       105            60335381                      E6T-667        
20200516       109            67185679                      F1F-571        
20200516       140            77367073                      W4W-684        
20200516       105            35683701                      D5W-953        
20200517       322            64532449                      V4I-691        
20200518       316            88167677                      Y4Y-028        
20200518       130            47528229                      T8Y-354        
20200519       160            87495937                      Z8C-558        
20200519       332            73818744                      U5N-536        
20200519       115            39544560                      Y0K-784        
20200520       159            29833157                      I9F-484        
20200521       334            88854166                      L3N-150        
20200521       305            35671623                      V4E-749        
20200522       204            27864822                      T9U-338        
20200522       110            53853385                      O5L-856        
20200523       124            54447051                      G3Y-654        
20200524       132            64178096                      I0X-469        
20200524       101            32244565                      J1E-736        
20200525       338            99950484                      Y9W-731        
20200525       160            88167677                      V7U-622        
20200525       319            34248357                      H4R-733        
20200526       338            48528209                      T9L-709        
20200526       122            31107104                      O3T-110        
20200526       148            96693273                      B9X-420        
20200526       145            99950484                      Y6I-680        
20200527       323            87282766                      S1D-093        
20200527       201            60784914                      A8J-929        
20200530       153            77367073                      N7K-403        
20200530       328            48878256                      W6Z-142        
20200531       341            54447051                      D5W-773        
20200531       128            60784914                      C6Q-548        
Año-Mes: 202006
FECHA          LICENCIA       LICENCIA       NOMBRE         FALTA          
==================================================================================================================================
20200601       314            89941095                      P6T-244        
20200601       108            38862473                      I4B-541        
20200604       337            25518120                      E1J-798        
20200604       149            88167677                      B4C-100        
20200605       151            54665716                      D2V-055        
20200605       109            29833157                      S2N-896        
20200605       134            27185429                      U3F-754        
20200606       324            73818744                      U5N-536        
20200606       140            53853385                      T9X-217        
20200608       104            28820944                      H2K-127        
20200608       312            37080813                      P7E-145        
20200609       202            26522329                      U7R-252        
20200609       123            26522329                      W7R-114        
20200609       147            54141214                      Y9G-536        
20200610       122            88854166                      H3E-885        
20200611       335            35912665                      O4X-500        
20200613       161            47528229                      U0N-343        
20200613       165            27185429                      S9I-160        
20200613       309            60784914                      P4Y-758        
20200613       314            16136330                      E3U-231        
20200614       331            66849703                      B4N-777        
20200615       155            34248357                      R7N-062        
20200615       111            35912665                      O2Z-308        
20200615       101            31107104                      E0I-722        
20200615       109            19963454                      H8A-390        
20200616       320            64178096                      I0X-469        
20200618       316            88167677                      Y4Y-028        
20200619       103            53853385                      O5L-856        
20200619       336            84186239                      T6W-978        
20200619       204            81528434                      D6F-465        
20200619       135            88854166                      L3N-150        
20200620       313            13219606                      M2Q-712        
20200620       311            54447051                      G3Y-654        
20200620       110            89314225                      C3A-423        
20200621       110            15559308                      X6O-905        
20200622       326            80310768                      O2F-523        
20200622       124            69252518                      P7I-760        
20200622       204            54141214                      J7Y-327        
20200623       322            71578206                      Y9F-491        
20200623       129            90467829                      H1R-953        
20200624       301            70414420                      U5T-348        
20200624       104            53374153                      V7L-069        
20200624       322            77763722                      A1Q-612        
20200625       119            50200823                      H1E-399        
20200625       130            54447051                      D5W-773        
20200626       159            44188994                      M0X-657        
20200626       131            19963454                      X9O-440        
20200628       318            79672079                      Y3Q-331        
20200628       118            50201756                      X8O-807        
20200629       338            81799482                      V7P-711        
20200629       138            30046639                      P6I-223        
20200629       109            97849227                      I0K-077        
20200630       323            97849227                      I0K-077        
20200630       151            69252518                      Y0Y-415        
Año-Mes: 202007
FECHA          LICENCIA       LICENCIA       NOMBRE         FALTA          
==================================================================================================================================
20200701       329            88167677                      Y4Y-028        
20200702       132            34248357                      H4R-733        
20200702       332            88167677                      B4C-100        
20200704       159            64532449                      J0V-437        
20200704       147            58992942                      V7O-315        
20200705       125            86429854                      M5U-987        
20200707       315            32244565                      J1E-736        
20200707       104            82870470                      K0H-387        
20200707       310            34976629                      J8B-303        
20200707       332            39544560                      Y0K-784        
20200708       136            49927087                      G7B-252        
20200709       336            54141214                      J7Y-327        
20200710       128            16925690                      B4I-014        
20200710       155            71578206                      G7Z-721        
20200710       328            36079131                      V4S-057        
20200710       102            15029228                      C0P-895        
20200711       334            73567806                      A7Y-833        
20200711       326            99950484                      X0R-946        
20200713       141            77367073                      W4W-684        
20200714       118            25518120                      E1J-798        
20200714       126            16136330                      E3U-231        
20200714       130            79766395                      N6D-256        
20200714       341            97849227                      I0K-077        
20200714       162            32244565                      M8W-853        
20200714       315            30046639                      L8F-459        
20200715       103            39244942                      N5Y-450        
20200715       139            49927087                      X3E-271        
20200715       162            35912665                      A6E-125        
20200716       202            27864822                      R5C-239        
20200717       313            90467829                      K4H-445        
20200718       327            77367073                      C2S-070        
20200719       154            45043076                      I1D-713        
20200719       341            39544560                      Y0K-784        
20200720       341            48528209                      T9L-709        
20200720       313            13219606                      M2Q-712        
20200721       131            32244565                      J1E-736        
20200722       143            16925690                      R7N-113        
20200722       328            34248357                      H4R-733        
20200723       319            73567806                      W9Z-281        
20200723       164            89941095                      R8O-904        
20200724       150            43454884                      P6Z-734        
20200724       115            66849703                      J2F-853        
20200724       135            96693273                      F3R-138        
20200725       317            70414420                      U5T-348        
20200725       163            60335381                      E6T-667        
20200726       162            99950484                      Y6I-680        
20200726       122            35297848                      O7D-970        
20200727       326            29989682                      W3T-571        
20200728       135            99950484                      Y9W-731        
20200728       333            58992942                      V7O-315        
20200729       126            16477908                      W7C-957        
20200729       153            53853385                      O5L-856        
Año-Mes: 202008
FECHA          LICENCIA       LICENCIA       NOMBRE         FALTA          
==================================================================================================================================
20200801       166            32090869                      L4B-291        
20200802       338            71578206                      Y9F-491        
20200802       141            27864822                      R5C-239        
20200802       160            32244565                      J1E-736        
20200803       124            75348522                      P5B-640        
20200803       133            71578206                      G7Z-721        
20200803       162            32090869                      L4B-291        
20200803       150            47844324                      F1H-328        
20200803       304            64532449                      V4I-691        
20200804       304            44188994                      R2L-600        
20200805       145            45043076                      S7E-946        
20200806       324            43454884                      P6Z-734        
20200806       338            68310808                      I3A-223        
20200807       207            58992942                      H8M-598        
20200807       135            38862473                      I4B-541        
20200807       116            71832810                      T1K-210        
20200808       341            53374153                      G6I-762        
20200808       146            69494747                      J8D-125        
20200808       110            35671623                      V4E-749        
20200809       115            68303148                      H1W-140        
20200809       307            35671623                      K0T-350        
20200809       304            49927087                      M8Q-758        
20200812       331            89941095                      R8O-904        
20200813       339            48450395                      Q5S-871        
20200813       105            15559308                      S3L-803        
20200813       152            13219606                      M2Q-712        
20200814       143            16925690                      R7N-113        
20200814       117            75348522                      E1L-705        
20200814       338            16477908                      I0E-459        
20200815       103            74325123                      V9F-655        
20200815       170            79672079                      Y3Q-331        
20200815       141            96693273                      A6K-820        
20200817       146            45043076                      R1T-735        
20200817       308            16925690                      R7N-113        
20200818       302            53853385                      T9X-217        
20200819       136            39244942                      N5Y-450        
20200819       149            60335381                      B3U-845        
20200820       104            63291514                      Z1A-459        
20200820       137            19568447                      D8R-235        
20200820       318            38862473                      K3B-165        
20200821       104            71578206                      Y9F-491        
20200821       312            81528434                      D6F-465        
20200821       330            19963454                      D9A-711        
20200821       202            88167677                      B4C-100        
20200821       305            15559308                      S3L-803        
20200821       207            73818744                      U5N-536        
20200822       123            50201756                      X8O-807        
20200824       125            53374153                      V7L-069        
20200825       336            87495937                      L2H-207        
20200826       335            67185679                      S7F-983        
20200827       166            73357516                      G0B-604        
20200827       307            86718074                      L4O-783        
20200827       123            26522329                      W7R-114        
20200829       141            13219606                      T3B-722        
20200830       118            81799482                      E3U-768        
20200830       339            37080813                      O9W-355        
20200830       315            71578206                      G7Z-721        
20200830       327            69252518                      P7I-760        
20200831       148            15559308                      T8F-368        
20200831       312            48878256                      G2R-979        
20200831       121            88167677                      B4C-100        
Año-Mes: 202009
FECHA          LICENCIA       LICENCIA       NOMBRE         FALTA          
==================================================================================================================================
20200901       309            74325123                      H0E-855        
20200902       136            79672079                      R7U-941        
20200903       110            29833157                      I5K-310        
20200904       102            13219606                      N1O-921        
20200904       202            48878256                      W6Z-142        
20200904       301            86718074                      L4O-783        
20200904       111            87282766                      S1D-093        
20200905       147            35671623                      P2Q-870        
20200907       331            24859596                      A8P-118        
20200909       141            86718074                      Q6I-941        
20200911       202            51395324                      M4Z-108        
20200912       328            35683701                      D5W-953        
20200912       315            30441350                      M9Z-497        
20200912       313            64178096                      B7V-643        
20200913       207            30441350                      X0F-315        
20200915       204            30046639                      P6I-223        
20200915       105            73567806                      W9Z-281        
20200916       118            90467829                      X8U-894        
20200917       140            89941095                      P6T-244        
20200917       149            29989682                      B1J-773        
20200917       108            16136330                      E3U-231        
20200919       119            43454884                      G0F-080        
20200919       319            82031355                      Z5D-724        
20200919       315            67185679                      S7F-983        
20200920       208            82031355                      H6X-124        
20200920       122            54141214                      G2I-709        
20200921       321            73567806                      Q9D-870        
20200921       122            52003695                      H8S-849        
20200921       332            88167677                      Y4Y-028        
20200922       150            19963454                      D9A-711        
20200922       331            88854166                      O0K-148        
20200923       335            82870470                      K0H-387        
20200924       154            28820944                      H2K-127        
20200924       334            19963454                      X9O-440        
20200925       116            49927087                      G7B-252        
20200925       320            89941095                      R8O-904        
20200925       165            54447051                      D5W-773        
20200925       104            69494747                      J8D-125        
20200927       102            15029228                      C0P-895        
20200929       105            85501710                      Z4K-431        
20200929       206            34976629                      J8B-303        
20200930       332            71578206                      G7Z-721        
20200930       124            52003695                      H8S-849        
20200930       101            48878256                      G2R-979        
Año-Mes: 202010
FECHA          LICENCIA       LICENCIA       NOMBRE         FALTA          
==================================================================================================================================
20201003       120            96693273                      C0G-556        
20201003       132            69252518                      P7I-760        
20201004       302            29833157                      I9F-484        
20201004       134            45043076                      S7E-946        
20201005       315            68310808                      W8F-397        
20201005       105            87282766                      S1D-093        
20201006       105            90467829                      X8U-894        
20201006       336            19963454                      H8A-390        
20201007       328            97849227                      I0K-077        
20201007       115            48878256                      F2F-895        
20201007       131            79672079                      R7U-941        
20201007       127            79672079                      Y3Q-331        
20201009       135            96693273                      C0G-556        
20201009       148            15559308                      T8F-368        
20201009       129            85501710                      N2C-590        
20201010       323            16477908                      I0E-459        
20201010       142            86429854                      K1F-766        
20201010       145            90467829                      K4H-445        
20201011       335            90467829                      H1R-953        
20201012       118            82870470                      C4O-436        
20201012       157            35912665                      A6E-125        
20201013       127            53853385                      T9X-217        
20201013       102            73972114                      A2F-518        
20201013       314            73357516                      P1T-781        
20201013       203            36079131                      I0W-872        
20201014       153            30441350                      Q6Q-335        
20201014       162            30046639                      L8F-459        
20201015       123            87495937                      L2H-207        
20201016       151            68310808                      I3A-223        
20201017       334            77367073                      C2S-070        
20201017       152            43454884                      P6Z-734        
20201017       147            73818744                      U5N-536        
20201017       107            86718074                      L4O-783        
20201017       139            29989682                      W1V-221        
20201018       129            87495937                      Z8C-558        
20201019       306            44188994                      R2L-600        
20201019       131            19963454                      X9O-440        
20201020       114            66849703                      J2F-853        
20201021       138            19568447                      O7W-705        
20201021       315            32244565                      J1E-736        
20201022       118            90467829                      K4H-445        
20201022       331            85501710                      Z4K-431        
20201023       306            64178096                      G3B-505        
20201023       166            60335381                      E6T-667        
20201023       207            73567806                      Q9D-870        
20201024       134            87282766                      S1D-093        
20201024       106            64532449                      K8R-348        
20201025       306            69252518                      P7I-760        
20201027       204            64532449                      J0V-437        
20201027       153            79766395                      T3R-184        
20201028       302            96693273                      F3R-138        
20201029       318            45043076                      R1T-735        
20201029       132            54447051                      U5L-205        
20201029       103            50200823                      H1E-399        
20201030       321            12443643                      R8H-409        
20201031       318            71578206                      G7Z-721        
Año-Mes: 202011
FECHA          LICENCIA       LICENCIA       NOMBRE         FALTA          
==================================================================================================================================
20201101       313            71578206                      Y9F-491        
20201101       309            77763722                      W2L-827        
20201102       304            87495937                      M5G-669        
20201102       312            24859596                      B8B-326        
20201102       118            73567806                      Q9D-870        
20201102       324            71578206                      G7Z-721        
20201103       317            79766395                      H7P-047        
20201103       341            35912665                      O4X-500        
20201103       207            64532449                      J0V-437        
20201103       333            34976629                      J8B-303        
20201104       310            50201756                      K5K-595        
20201104       321            64178096                      I0X-469        
20201104       138            81485316                      J5T-691        
20201105       316            84186239                      T6W-978        
20201106       331            15029228                      J0Q-121        
20201108       148            15559308                      T8F-368        
20201108       110            53853385                      T9X-217        
20201108       341            86429854                      M5U-987        
20201108       145            25518120                      E1J-798        
20201109       101            80457845                      Z5G-762        
20201109       337            89941095                      R8O-904        
20201109       325            70414420                      U5T-348        
20201110       338            79641328                      X8Q-687        
20201110       165            60784914                      P4Y-758        
20201110       107            73972114                      A2F-518        
20201112       326            35297848                      O7D-970        
20201112       128            63736112                      K0D-676        
20201112       316            39544560                      N4J-043        
20201113       315            32244565                      J1E-736        
20201115       203            79672079                      R7U-941        
20201116       150            82031355                      Z5D-724        
20201116       333            13219606                      T3B-722        
20201116       205            30046639                      P6I-223        
20201118       165            53374153                      R2T-476        
20201119       102            73972114                      J2M-606        
20201119       111            32244565                      M8W-853        
20201120       162            60335381                      E6T-667        
20201120       170            66849703                      B4N-777        
20201120       111            12270502                      P7T-999        
20201121       114            54141214                      G2I-709        
20201121       149            32244565                      J1E-736        
20201122       157            64178096                      G3B-505        
20201122       164            75348522                      E1L-705        
20201123       322            29989682                      B1J-773        
20201124       137            71578206                      Y9F-491        
20201124       122            70414420                      U5T-348        
20201125       103            73567806                      W9Z-281        
20201125       319            30046639                      L8F-459        
20201127       158            47528229                      G8O-154        
20201127       107            16925690                      F3F-478        
20201127       154            15029228                      J0Q-121        
20201128       201            70414420                      A7Y-514        
20201128       133            15029228                      N0Z-560        
20201128       205            73972114                      J2M-606        
20201129       128            90467829                      C9H-661        
Año-Mes: 202012
FECHA          LICENCIA       LICENCIA       NOMBRE         FALTA          
==================================================================================================================================
20201202       104            89314225                      C3A-423        
20201203       322            42956681                      L8Z-555        
20201205       146            47528229                      U0N-343        
20201205       162            29989682                      W1V-221        
20201206       149            45043076                      S7E-946        
20201206       205            25518120                      F2C-703        
20201207       112            60784914                      P4Y-758        
20201207       143            77367073                      C2S-070        
20201209       156            73972114                      J2M-606        
20201210       104            88854166                      L3N-150        
20201211       108            32244565                      K4F-319        
20201211       147            53853385                      T9X-217        
20201214       156            12443643                      R8H-409        
20201214       123            87282766                      S1D-093        
20201215       137            44346371                      S4J-282        
20201215       105            50201756                      K5K-595        
20201216       158            82870470                      C4O-436        
20201216       165            34976629                      I0Y-720        
20201217       142            79641328                      L0L-653        
20201217       162            35912665                      O4X-500        
20201219       335            29989682                      W3T-571        
20201219       130            58992942                      V7O-315        
20201220       101            12858682                      T5L-371        
20201220       320            34248357                      U0T-459        
20201220       103            77367073                      C2S-070        
20201221       164            73567806                      A7Y-833        
20201222       312            67185679                      S7F-983        
20201222       145            15029228                      J0Q-121        
20201222       141            38862473                      S6Y-726        
20201222       103            99950484                      Y9W-731        
20201223       131            84186239                      T6W-978        
20201224       128            81485316                      J5T-691        
20201224       312            96693273                      C0G-556        
20201225       155            42956681                      E0L-862        
20201225       313            25518120                      U1X-768        
20201226       134            73357516                      J2K-636        
20201227       332            16925690                      R7N-113        
20201227       206            63291514                      L3W-411        
20201227       332            12270502                      O1C-880        
20201229       153            24859596                      A8P-118        
20201229       331            48450395                      G1P-591        
20201229       328            53374153                      G6I-762        
20201230       165            96693273                      C0G-556        
20201231       315            35912665                      O2Z-308        
